time,x,y,z,phi,theta,psi,x_velocity,y_velocity,z_velocity,phi_velocity,theta_velocity,psi_velocity,rotor_speed1,rotor_speed2,rotor_speed3,rotor_speed4
0.06,-1.418826981134139e-07,4.1450781833687283e-07,10.00048146688294,0.00040722078390764693,0.00016921051378115948,0.0,-1.277805021778498e-05,3.4404388466939495e-05,0.01604861495087763,0.017739136591932613,0.007936024336923912,0.0,409.2559782665182,409.961553613012,408.4004300160642,409.97923277679746
0.12000000000000001,-5.611730079652708e-06,1.3360916903794305e-05,10.001843510965537,0.0011188750355390908,0.0007196445630279769,0.0,-0.0002154178870661163,0.0004797541863494102,0.029352373615096104,-0.003740098457273607,0.011541347615798827,0.0,409.0256750408193,409.3464573610854,408.71160163300186,406.7930286537992
0.18,-4.04263158790263e-05,7.015024333262019e-05,10.011852757307139,0.000981573703299432,0.001316852685586234,0.0,-0.0010277926056487467,0.0013902409008053594,0.30425601940495467,0.0004677970424762348,0.006571878833561199,0.0,488.4352713201197,488.06445077313896,490.1263961833805,490.4390234546588
0.23999999999999996,-0.00013092134417684028,0.00017413427977814146,10.033156871045422,0.0011561039575642695,0.0017682784956942754,0.0,-0.0020319680717838544,0.0020866277114260307,0.40584978760145046,0.0073917194499633675,0.009362673660389786,0.0,437.4672950296054,437.69946536765605,437.1678699784521,437.7442741381535
0.3,-0.00029571690016460736,0.00032790423887920684,10.06280523541878,0.0017435333101696315,0.0021218210771571933,0.0,-0.003514202481613518,0.0030978042556546346,0.5823550062951971,0.014201612305955867,-0.0021538125314996322,0.0,461.17635303169305,460.2658639237615,460.4799747878931,461.0181554980861
0.36000000000000004,-0.0005521569354176371,0.0005544677583754452,10.101509703797902,0.0025510047818073645,0.0025005860654729872,0.0,-0.005050932255232358,0.00454198575627176,0.7077239482405054,0.011927285885011884,0.019381696895728898,0.0,443.930875688157,445.6941554222811,445.7762078047546,445.59023309843326
0.4200000000000001,-0.0009173917874517013,0.000888365483550194,10.14922483487569,0.003081757771011162,0.0036090182973147478,0.0,-0.007251756890291627,0.006659060947934454,0.8826607995882274,0.0018340001710408851,0.016593567270525356,0.0,460.36935473623595,460.1486517988549,461.3406013411684,460.5429578948566
0.48000000000000015,-0.00144298005230062,0.0013622291548172523,10.208232747071055,0.0037346393617028184,0.005020407194953336,0.0,-0.010411219147603661,0.00918556459370887,1.084099494432193,0.0246414337407753,0.034660823640794175,0.0,468.2491897002285,469.6524501491154,467.73875073343214,469.51128268812505
0.5400000000000001,-0.0021793625516279887,0.0019955462114705485,10.276102043577353,0.005312896750182539,0.007834209702013872,0.0,-0.014389082070739372,0.012079359021750918,1.1781156853873564,0.029437833062121048,0.06412700910934824,0.0,435.1872928668812,437.647730212364,435.77001853522086,436.17088649271426
0.6000000000000002,-0.0032534495175759624,0.002859348928970734,10.353786270287436,0.007068674727367608,0.011703778351046523,0.0,-0.021881129998613805,0.01692685904029379,1.411094835756254,0.028910977298583957,0.06521421851082801,0.0,479.2790501280188,479.3643856093033,477.93345929132477,477.8934960316851
0.6600000000000003,-0.004825536018638562,0.004028622563886561,10.441597015577768,0.008690773795354545,0.016140109434442884,0.0,-0.0309529805550006,0.022220548175827522,1.5157896054004305,0.022991592114657206,0.08731102717597836,0.0,439.9106655199347,441.7405897373378,440.1927117026905,439.70282114442716
0.7200000000000003,-0.007060621900192882,0.005559019280370558,10.53693194721845,0.0099842051177772,0.02188235131385685,0.0,-0.04414799417671708,0.02893635928104692,1.6618279397266515,0.01852221265348652,0.10867565253456235,0.0,453.0174955290418,454.7394007700692,453.41953431519966,453.06035915799083
0.7800000000000004,-0.010186712390261409,0.007506003274104107,10.639649522805865,0.011313558422402892,0.028300072031279377,0.0,-0.060711747010173574,0.03608673421679615,1.761924225071953,0.028579618823471046,0.10329671185645702,0.0,440.17224820388805,439.7370778190843,439.0700062745691,439.90357689950037
0.8400000000000004,-0.014455870777565933,0.009918441384835065,10.748971532239121,0.012783431271992107,0.034547444813797235,0.0,-0.08224108856700094,0.04449417611682467,1.881929688937383,0.014739211183801367,0.1057247350669777,0.0,445.32382949299284,445.5317988150169,447.81807022046115,446.6909950147866
0.9000000000000005,-0.02009088567760984,0.012842504545806505,10.863828137130612,0.014225580233988566,0.04097944649818164,0.0,-0.10620709326975324,0.05308976040233367,1.946489847306685,0.03808530388285702,0.10999611122087703,0.0,429.3522695477025,429.7249983001176,427.8248614921128,429.8080272152564
0.9600000000000005,-0.027212291371942872,0.016287666764170095,10.980693750276146,0.01651419410380406,0.04759306320650314,0.0,-0.13175157015180552,0.0619487222921737,1.9489957457628277,0.03825980257823782,0.11068425580819402,0.0,408.73451775381625,408.8077407138077,408.9403627997572,408.9567471511158
1.0200000000000005,-0.03615920561570514,0.020365404500878335,11.101276418245472,0.018424753620555734,0.0548431193858363,0.0,-0.16720439185043803,0.07419766951167421,2.070170170898893,0.014178714199284506,0.13584324812350113,0.0,446.34406251384723,448.40518280224984,448.7267641476399,446.768080994505
1.0800000000000005,-0.047127601223990644,0.025125451883151125,11.224418728561393,0.019083330894414274,0.06289934902702665,0.0,-0.19907680355527294,0.08453341360755678,2.03459367702823,0.0036472356592862644,0.1309272352477312,0.0,396.8608326494574,396.42836152707804,396.54853328437775,395.5798690173116
1.1400000000000006,-0.060579450888319356,0.03064495765701629,11.352217342924328,0.018778855296392116,0.07035476466101631,0.0,-0.2501851270325152,0.09945127533313561,2.2249430695705743,-0.03490254586845684,0.10557848193165545,0.0,470.10048920906905,468.1450672159669,470.6758463565357,467.6830606101099
1.2000000000000006,-0.0771647550562908,0.03701583686069044,11.490018948819607,0.016320405540591665,0.07644031449171429,0.0,-0.30331322094250723,0.11266251667686897,2.3681042978914997,-0.057289707045650756,0.09146916158273607,0.0,456.49375334635664,455.37507005566073,456.50135830267993,454.7105579053113
1.2600000000000007,-0.09686537812406804,0.044079222582984,11.633787023941371,0.012325756725009462,0.08191364319714634,0.0,-0.35388935441917324,0.12244111735691694,2.424002142283389,-0.10121681078759065,0.09072384243550398,0.0,428.83333790709713,428.7773463817403,430.9384705844665,427.2049399852902
1.3200000000000007,-0.11977364097774264,0.05165068199729559,11.781695240742325,0.006064533409728234,0.088116618272438,0.0,-0.4102920765261037,0.12932570197095036,2.5060406617172597,-0.11150358795148,0.12103058919810084,0.0,436.17742899597414,438.7101120880431,438.4532360364429,437.5880425158626
1.3800000000000008,-0.14639262839252104,0.05951722875543243,11.936695624284745,6.282484512423814,0.09502615190147878,0.0,-0.4777612953486797,0.13214970154773442,2.6602082736647894,-0.11538224359973137,0.09960217967909173,0.0,461.8444712820006,460.1623991054681,460.57570461737475,460.2580179662918
1.4400000000000008,-0.17758889965584526,0.06739354875235554,12.104870789510136,6.275156414750876,0.10061729340392933,0.0,-0.5628034819781408,0.12948100614355335,2.9448428555056556,-0.1411610059847555,0.07553881613916029,0.0,500.3542161197407,498.60541412021325,500.714759876961,498.8237327151069
1.5000000000000009,-0.21350341865986003,0.07495954089439867,12.284946818519474,6.266761260808725,0.10577244336496072,0.0,-0.6348286770410939,0.12184576251285431,3.05731447867138,-0.13754729172150224,0.101186812908267,0.0,449.2106333130563,451.29139359188616,450.4789658313038,450.7531872987138
1.560000000000001,-0.2539564545321355,0.08187519035418964,12.472709982594665,6.2579321669772625,0.11188316112508012,0.0,-0.7142271280443643,0.10777841852734742,3.200949985988573,-0.18540899985777343,0.10312975124395843,0.0,460.8155654597542,460.97770716948594,462.7041928779681,458.8991341444141
1.620000000000001,-0.2987999258516049,0.08786323342755736,12.66458432500325,6.247092935131381,0.11818406394282466,0.0,-0.7811005763192198,0.09087716047681008,3.194765271344115,-0.17253736096906744,0.10853877014334366,0.0,413.63028958030395,414.11688969527245,413.2934074609479,414.3920324511718
1.680000000000001,-0.34779497825883354,0.09264195498836574,12.85628707224901,6.236383812710191,0.12507231327761748,0.0,-0.852659375204531,0.06750118136954708,3.1951878275704284,-0.1943097002697996,0.12505224620999497,0.0,415.2663203558225,416.7249746414277,417.64792454773516,415.7108408428974
1.740000000000001,-0.4016569510595203,0.09565436602365564,13.05149560808605,6.22534087963799,0.13326490716828854,0.0,-0.9435278633389205,0.031756843712697325,3.3112236004377738,-0.1689240046738016,0.15299703099981807,0.0,452.48967092908356,454.7500722897804,453.5706610449092,455.5722572173977
1.8000000000000012,-0.4608240521106418,0.09643906201928833,13.251219824317094,6.215034719954623,0.14208886512183838,0.0,-1.0295345628560815,-0.006527022003156229,3.3459260037911616,-0.17816230056059573,0.1312973684998121,0.0,430.34084528414144,428.5208084570887,429.6136758001485,428.800020602553
1.8600000000000012,-0.5259413151596389,0.09443004417062856,13.457313946656216,6.2041029237274685,0.15025574017941956,0.0,-1.1418798571610127,-0.061611692511696056,3.5230552851212877,-0.19180151204094778,0.14432502063733577,0.0,473.2837088280206,474.30110697807015,475.90738648186095,474.83225367310064
1.9200000000000013,-0.5974784901209214,0.08913695306526155,13.670630432675946,6.192189691143977,0.15958082195075995,0.0,-1.2435423921548618,-0.1159166873648767,3.586989426144247,-0.21755766398225432,0.17144972429632693,0.0,439.8413591878139,442.1045924368287,442.7563871817924,440.5923874486742
1.9800000000000013,-0.6760804718736568,0.07990654929332826,13.892462043830303,6.179149661746866,0.1699442212376896,0.0,-1.3776449363085994,-0.19322639480556555,3.8062244893217847,-0.21689066763422482,0.17515269315450735,0.0,490.1490601118371,490.44977550441894,489.4285463465442,489.4362561278614
2.0400000000000014,-0.7619497657918212,0.06636005049874492,14.121441362392057,6.166323732373282,0.18070126868406788,0.0,-1.4856162804804045,-0.25944879772448554,3.8259481711804315,-0.20816080650317184,0.1864685565758697,0.0,431.0974871536076,432.08460199450997,429.1167226283248,429.8103029790767
2.1000000000000014,-0.8539863628277132,0.04894330174520295,14.348780182753545,6.154252050348351,0.19178590724019173,0.0,-1.5831711962890758,-0.32203878270410286,3.751874130828996,-0.19002434518598016,0.18105634760463013,0.0,398.81128530523006,398.3539707392091,399.20681445394104,400.81352534721543
2.1600000000000015,-0.9538813952303647,0.026375952545736967,14.580854958613132,6.143378255131623,0.2033810453262559,0.0,-1.7478757470471182,-0.4313844123436931,3.9825244698021853,-0.1677852213630591,0.2104251213098445,0.0,495.30791029625607,497.4945018909227,497.4304844720228,499.02815493625707
2.2200000000000015,-1.063276002348967,-0.0025440197243651467,14.823437193600975,6.132991752332082,0.21555409472744635,0.0,-1.899823524366153,-0.5335511498841489,4.1024803405056645,-0.18672587720585274,0.18024683768853128,0.0,467.66330272586833,465.34395285892947,468.5638076884853,467.06132784113566
2.2800000000000016,-1.181891966817407,-0.03770414782988194,15.072434271709426,6.121599125566227,0.22654962127773803,0.0,-2.0550599639412868,-0.639465314398691,4.196419629460139,-0.19705819635733512,0.18868118612723314,0.0,460.77595554354554,461.47342377730706,461.9086017676874,461.05921213320437
2.3400000000000016,-1.309530889763817,-0.0790764625078725,15.324742097716937,6.109841207795647,0.2377042246743173,0.0,-2.200555674097355,-0.7405771476724847,4.2131174708101495,-0.19386783935803956,0.1797058533666873,0.0,438.8994373781763,438.1877965069414,438.4393946603624,438.66633203779446
2.4000000000000017,-1.445421745026628,-0.12622761723828124,15.575190681613437,6.097869662085458,0.24809283975969,0.0,-2.3300121981758077,-0.8319913135223599,4.134859719360846,-0.2142959988771265,0.15492574377987675,0.0,409.05264636842946,406.8708582348296,407.76206298108514,405.88910410474153
2.4600000000000017,-1.5905809813836451,-0.18001875180374044,15.826008312807522,6.08500300786525,0.2575743004114903,0.0,-2.5094681682212254,-0.9621656574299405,4.224567956498489,-0.21474182962146907,0.16358859297703368,0.0,463.92542970935915,464.62763197135837,465.3285339473794,465.2504922493788
2.520000000000002,-1.7468416170034633,-0.24196519587028165,16.082562241003238,6.072139935569236,0.2682070704971906,0.0,-2.700139374827127,-1.1038166916876515,4.325896583051194,-0.2136806252918205,0.19578929098169243,0.0,469.81769444325647,472.33538424792647,470.90779569247417,470.9473563701947
2.580000000000002,-1.9138425430420418,-0.31194408584198924,16.341754696394144,6.058942961749349,0.2799033620088114,0.0,-2.8675426713972874,-1.2297871776710854,4.31298484880802,-0.2369833016403207,0.19318221704946673,0.0,435.7016111426687,435.521502020996,438.5864292114009,436.5968729118013
2.640000000000002,-2.0912124820873994,-0.38978297758922836,16.600419444035502,6.045424013341325,0.2916136413988104,0.0,-3.0457626512415477,-1.3658750936895154,4.308170731988764,-0.2086888559998015,0.19887337087667026,0.0,440.84277859677553,441.3503104142244,440.6300212462449,442.91158629384995
2.700000000000002,-2.2801049180881368,-0.47648035613460554,16.860616791391244,6.032999949676784,0.3034662531621466,0.0,-3.251657358840871,-1.5249656538752667,4.363671700368131,-0.2040131219336163,0.1947465064777778,0.0,463.6551641573622,463.3671709181423,463.9499536881518,464.27679777280264
2.760000000000002,-2.480834372891566,-0.5723388337867701,17.121657077400325,6.021091102958216,0.3153120792802966,0.0,-3.440277628713876,-1.6711412818894682,4.3366599202296605,-0.1892491347257388,0.2023128034152828,0.0,438.5765161805293,439.24316481479667,439.04381610519823,440.2280361008517
2.820000000000002,-2.691740408040534,-0.6760670111651337,17.376947343709926,6.009683320715144,0.3276118105064638,0.0,-3.590869633641113,-1.7871765314655428,4.172723448956786,-0.19194867139045796,0.20987554198794534,0.0,391.3813231225003,392.13207632616275,391.18802004097523,390.8958955246093
2.880000000000002,-2.912800601193197,-0.7876364756910037,17.624937384539525,5.9980713560427965,0.3400063664001447,0.0,-3.778782569839234,-1.932528141876248,4.092739778721956,-0.1968997618160144,0.19900458203909405,0.0,425.171738470523,424.2831966113804,423.45605543093444,422.9912176919727
2.940000000000002,-3.1462556472205647,-0.9088093589292355,17.870442475887412,5.986965488444435,0.3515625926807404,0.0,-4.003971468353448,-2.1072680080667925,4.089379555952408,-0.16832718773751604,0.17504337755729169,0.0,453.1370921180606,451.24142235576795,453.1266969484,455.3849812218326
3.000000000000002,-3.394851509941111,-1.0417536009426482,18.119234703313957,5.977534971195777,0.3616663752496807,0.0,-4.283296055060545,-2.3247165792730797,4.201619126332654,-0.14108152653197012,0.1498266479908465,0.0,494.73843125663615,492.90157313004994,494.0325057654829,496.0164156487059
3.0600000000000023,-3.658435542959566,-1.1863185134316916,18.36956386771201,5.969153359811687,0.370603208280059,0.0,-4.503519255186341,-2.4945703962511034,4.141653424096533,-0.13705567701386592,0.147129977903414,0.0,441.62590506286193,441.4243663916173,440.39243329274154,440.70705387436254
3.1200000000000023,-3.9356135347502783,-1.3413590368253574,18.616678791520158,5.960720693475338,0.3793319648184994,0.0,-4.7363909733827025,-2.6738699638028978,4.094332757939133,-0.1486292058936561,0.14195921433321992,0.0,448.42951409083497,448.02878781901603,448.37200680461405,447.4122326919303
3.1800000000000024,-4.229104490391381,-1.5090056004081007,18.86595080277669,5.95149468607063,0.38790586765868795,0.0,-5.047080344516143,-2.914691610076853,4.212386717875077,-0.16676844321671064,0.14471144026398394,0.0,506.1077967153943,506.32218157698384,506.67682250248333,505.3513566195299
3.2400000000000024,-4.53824064423536,-1.6887158136532716,19.11472603469201,5.941664658413574,0.39617187290779476,0.0,-5.258129518787836,-3.076198520542157,4.079285384415944,-0.15853671206830292,0.11791258939924087,0.0,425.7587844141489,423.4772273208141,424.8979200786418,425.57626056833254
3.3000000000000025,-4.861834159226532,-1.8795614207238123,19.35908423478406,5.932228003314215,0.4030554157891242,0.0,-5.5287170602949,-3.2857508053925852,4.064355954015641,-0.1548742994492206,0.10744539360356087,0.0,470.45151279694943,469.65107392917326,469.22116912331506,469.48346730680345
3.3600000000000025,-5.200860836108215,-2.0823555998117667,19.600289355532333,5.922640433880694,0.40989071514435516,0.0,-5.772640458322789,-3.4745232120720972,3.9746122375085147,-0.17208206902341783,0.12445324095986446,0.0,446.546161128043,447.94306350482793,447.4910506692063,446.06331153270844
3.4200000000000026,-5.554433714016914,-2.296420599893204,19.835456037109193,5.912644088209817,0.4173358740856754,0.0,-6.013652921905607,-3.6614748971385773,3.863072357051953,-0.15745075721914356,0.12334192502899433,0.0,442.1857434553237,442.10822160400204,441.4523710599805,442.63147908336987
3.4800000000000026,-5.922331573521907,-2.5215997196038638,20.06317624944265,5.902972774997682,0.42537735715965397,0.0,-6.250184354434149,-3.8449535244894673,3.7264865130526927,-0.16995608232546294,0.1496177630418181,0.0,434.8392541214372,437.05189099010965,436.07615932387665,435.00452535654654
3.5400000000000027,-6.305825395885702,-2.758931497554627,20.28508186813277,5.8925539528716335,0.43429161001964545,0.0,-6.533424311922789,-4.066460059652819,3.6684810019225633,-0.1822833074367762,0.14639310574462414,0.0,468.22894565201204,467.9974384892879,467.7515711464236,466.76278135919677
3.6000000000000028,-6.705080919241864,-3.008536656559718,20.50048840348326,5.881769510277101,0.4429425527109867,0.0,-6.775695519231552,-4.254192804756244,3.510472834693045,-0.17509354403896008,0.13935356522999004,0.0,435.957897679134,435.38897807364395,434.5290477747601,435.0995034152806
3.660000000000003,-7.118762687269121,-3.2693112401119597,20.705713421829195,5.871000396421547,0.45121562811653426,0.0,-7.01430136824058,-4.438771609131151,3.3291928294562303,-0.19014003447793495,0.13477545733981874,0.0,429.934037691472,429.564172881281,429.86170463603844,428.5516838753414
3.720000000000003,-7.546670187661884,-3.5410838821232615,20.89942192293164,5.860452158625364,0.4599762576179094,0.0,-7.249909837004676,-4.62080636311449,3.126622554163757,-0.15656153655989005,0.1621939454148263,0.0,423.6083706912692,425.9807539617851,422.17058785137704,425.0263254287081
3.780000000000003,-7.988451166172903,-3.8235411163659703,21.08001822144991,5.85082475249807,0.46914153882190224,0.0,-7.476846042402757,-4.794864920161307,2.8922489515539636,-0.1696666636037437,0.11655817979211751,0.0,415.5372982121399,411.5382601708848,415.7285982986948,414.55164854418234
3.840000000000003,-8.445420098490954,-4.117720489391226,21.248908750195433,5.84058383015325,0.47610229718911157,0.0,-7.7558543396170805,-5.011465449624937,2.7358061811731504,-0.17279116599234362,0.1148996782954059,0.0,448.89403973017556,448.7712868099417,448.3045647312461,448.02284377133765
3.900000000000003,-8.918285064393606,-4.4241977226649825,21.406465222215022,5.830025481735195,0.48272588900784896,0.0,-8.006843585446848,-5.204897031317332,2.514834190161181,-0.18323344456836424,0.09938304636083947,0.0,427.28837931088697,425.9742844155823,427.9528004121848,427.0314149498308
3.960000000000003,-9.408234036554314,-4.743981330725929,21.55379135255596,5.819423448360325,0.4886314001915002,0.0,-8.324954395537894,-5.454814740983205,2.393890560975706,-0.1660984965520642,0.09643876025271439,0.0,470.33581834320387,470.1153942431338,469.0428341100103,470.34356614840704
4.020000000000002,-9.91676135857076,-5.078350613300726,21.692520161904632,5.810067967901244,0.49436385295344465,0.0,-8.626220757884495,-5.691078507377989,2.2285382163877703,-0.14089327463213713,0.09368323482856618,0.0,457.923419415207,457.7115738875535,457.9740076075519,459.95237273898056
4.080000000000001,-10.440980408986483,-5.424878570244829,21.816938498397434,5.801390971984539,0.4999433879279902,0.0,-8.848478534364457,-5.860404174801243,1.9179955276502116,-0.15334534210067702,0.09157425823101668,0.0,403.032823595218,402.8503651157185,403.2861990441925,402.13734360154376
4.14,-10.982047107779179,-5.784535970722003,21.928008080384174,5.792179280317665,0.5052953475722495,0.0,-9.18715448254469,-6.128263704170594,1.7819795958321725,-0.15389595925951777,0.08397128615213202,0.0,477.89432152501894,477.3202717730312,476.6379949494617,476.57539901901777
4.199999999999998,-11.542774859392171,-6.159708410092293,22.029371321009847,5.782973219008117,0.5101658509642846,0.0,-9.503963007193697,-6.377676953653509,1.594749664373118,-0.15252790514861111,0.07490076448489186,0.0,463.9975055621301,463.2896189293774,462.9696094150151,463.05609569796917
4.259999999999997,-12.12215975117401,-6.549550945042651,22.11847703690018,5.773553929290955,0.5147796597652627,0.0,-9.809134156746186,-6.61733752615492,1.3735540419291392,-0.16785223496210525,0.08061459661387627,0.0,455.05795526641396,455.5197875126128,455.801554898789,454.55181394144074
4.319999999999996,-12.718599002036662,-6.952696583913415,22.19190569451052,5.763360952273326,0.5193346874695841,0.0,-10.072712655898476,-6.821334787382298,1.0726689895732886,-0.17428287497308018,0.06431434297088977,0.0,428.4943792299381,427.1105688341051,426.7650207998216,426.18649693019046
4.379999999999995,-13.33187193901664,-7.36897544958136,22.248374538305026,5.753148176700499,0.522710702898391,0.0,-10.370045628655275,-7.055007261107451,0.8077990011367138,-0.16312174895619677,0.030846372705035277,0.0,448.0582413319925,445.32988473031463,446.29670162157873,447.179383791265
4.439999999999993,-13.961426355302127,-7.797926353617282,22.286159920013823,5.744274912460288,0.5248614785521584,0.0,-10.61584766883928,-7.244048703895907,0.4507076396741772,-0.12782914549486443,0.04432912668738463,0.0,410.5532520127015,411.7489776898239,409.9158784975522,413.0179899411353
4.499999999999992,-14.608260197320789,-8.240465525440394,22.305827776438417,5.736686821627899,0.5276376624930217,0.0,-10.945514414733989,-7.507482969481207,0.2028068678613501,-0.12387900117913189,0.0498919017466335,0.0,462.07557308418484,462.5152256199651,461.4746473891476,461.7725423745899
4.559999999999991,-15.276974176349706,-8.700686344314557,22.313195284902683,5.7291707890794665,0.5305163296740112,0.0,-11.344722323706627,-7.833043976523558,0.039745470364428444,-0.12819600609255455,0.043846286259253735,0.0,502.4219440471417,501.9843851005147,500.739378773856,500.41277364028184
4.6199999999999894,-15.967047932532774,-9.178122609234446,22.306478053378044,5.721100495764317,0.5331093738552708,0.0,-11.658160319905807,-8.08187525954479,-0.2655976533630292,-0.1517144084279985,0.04192938734125703,0.0,452.05040654697365,451.8968485797534,453.22009583645763,451.3082693843183
4.679999999999988,-16.67421826883883,-9.668944847737974,22.27846865815139,5.712676801763857,0.5354244906702288,0.0,-11.915065814698593,-8.279631327773602,-0.6693116458643249,-0.12412210154263784,0.030881855387771412,0.0,414.9991623454484,414.0286934828795,412.4149688760512,414.82548460617124
4.739999999999987,-17.399484397047278,-10.174067124773444,22.229518372855157,5.705040827833148,0.5370850520263,0.0,-12.260773972936875,-8.558081438164576,-0.9647094223541837,-0.13443335358825975,0.02033915332227853,0.0,466.7031341697583,465.8793505567329,466.09608977452416,465.2751547816231
4.799999999999986,-18.14474309871032,-10.695215572647855,22.161223754623784,5.696968150080352,0.5381863850637272,0.0,-12.581732223346993,-8.814071276642723,-1.313827380988643,-0.13476786662025872,0.014060073678916788,0.0,450.12479869088213,449.6160843102724,449.72662812105864,449.68306178076375
4.859999999999984,-18.911253393960674,-11.233580856439469,22.074181940359647,5.68884768366531,0.5389995805722219,0.0,-12.96868404525549,-9.13162553505656,-1.5905026637914204,-0.136511640696318,0.012519881377453869,0.0,485.54703710377095,485.43129503000125,487.3403830807712,487.194826449189
4.919999999999983,-19.700463799106448,-11.790537734133995,21.969199176085453,5.680348142239286,0.5393051701690403,0.0,-13.338606000508953,-9.433957837458824,-1.9116870454128607,-0.15469479997107488,-0.017045622243568433,0.0,476.9282115013634,474.6637042192199,477.4079860106095,476.00049573944625
4.979999999999982,-20.51097108588654,-12.364806838571214,21.843068368060976,5.671648563481337,0.5383380040602717,0.0,-13.67893337556129,-9.709044971161212,-2.2950043926498176,-0.13049083249163404,-0.014328662654451216,0.0,458.22574928833166,458.4418838827979,455.8615751921098,457.7729550755628
5.0399999999999805,-21.340920159211475,-12.954652351286311,21.69193799328661,5.66398806638804,0.5377063916538471,0.0,-13.987118813799759,-9.953475503262823,-2.7445590770587116,-0.12257136918186709,-0.0038400737702797127,0.0,434.3994401574839,435.27862617675333,434.43636953237615,435.0849122943158
